8.lava_viewer/dataset_lava/altitudes.dat
ncols		319
nrows		345
xllcorner	497690.375000
yllcorner	4172160.750000
cellsize	10.000000
NODATA_value	-9999.000000
[rows 232 to 260 of 345, columns 0 to 66 of 319]
1848.31 1849.09 1850.00 1851.83 1853.06 1853.95 1855.39 1857.28 1858.95 1859.76 1860.00 1863.42 1866.78 1869.56 1870.00 1870.74 1874.19 1875.96 1878.81 1881.62 1881.98 1882.43 1882.72 1884.05 1885.77 1887.71 1890.00 1892.89 1898.53 1905.23 1910.53 1911.55 1912.81 1914.91 1917.61 1922.79 1930.51 1935.72 1940.51 1943.80 1947.12 1950.00 1952.07 1954.68 1957.59 1961.09 1965.34 1969.59 1974.15 1978.82 1980.00 1980.01 1980.00 1980.00 1987.40 1992.23 1995.05 1997.80 2000.00 2001.01 2001.92 2002.92 2003.53 2003.86 2004.02 2004.90 2005.98
1846.32 1847.49 1848.89 1850.00 1850.80 1851.69 1852.97 1854.66 1855.62 1857.61 1859.89 1862.74 1865.53 1867.65 1868.63 1870.00 1871.73 1873.93 1876.85 1878.17 1878.18 1878.04 1878.06 1879.35 1881.95 1884.77 1888.55 1890.00 1894.18 1899.18 1906.32 1908.11 1910.42 1914.17 1917.98 1923.67 1930.79 1935.39 1939.91 1943.18 1946.13 1947.96 1949.80 1951.85 1956.55 1961.15 1965.44 1969.68 1974.21 1978.74 1980.00 1980.00 1980.00 1980.00 1981.71 1989.27 1992.17 1995.08 1997.27 1998.68 2000.17 2001.06 2001.59 2002.01 2002.39 2003.48 2004.47
1844.63 1846.02 1847.89 1849.69 1850.00 1850.00 1850.35 1851.48 1854.02 1856.35 1858.68 1861.39 1863.56 1864.67 1866.08 1868.29 1870.00 1872.06 1873.40 1873.97 1872.32 1873.78 1875.53 1877.17 1879.41 1882.96 1886.78 1890.77 1894.52 1898.28 1902.14 1905.98 1909.81 1915.08 1919.46 1925.07 1930.50 1934.75 1938.96 1941.58 1943.93 1945.73 1948.15 1950.74 1955.95 1961.00 1965.07 1969.12 1973.18 1977.31 1980.00 1980.00 1980.00 1980.00 1981.14 1986.45 1989.42 1992.24 1994.09 1996.09 1997.71 1998.91 1999.55 2000.17 2000.94 2001.90 2003.15
1843.16 1845.02 1846.67 1848.45 1849.77 1850.00 1850.00 1850.00 1851.68 1854.01 1856.72 1859.16 1860.87 1861.88 1863.92 1865.68 1867.78 1870.00 1870.00 1869.55 1869.55 1871.17 1873.19 1875.30 1878.05 1881.41 1885.74 1890.67 1894.88 1899.28 1901.73 1907.27 1910.32 1915.74 1921.10 1925.54 1929.66 1933.13 1937.03 1939.89 1941.66 1944.07 1946.98 1950.40 1955.85 1960.83 1964.64 1968.46 1972.66 1975.79 1978.13 1979.34 1980.00 1980.00 1981.30 1984.78 1987.23 1989.45 1991.71 1993.62 1995.53 1996.55 1997.20 1998.02 1999.20 2000.39 2001.49
1842.13 1843.91 1845.69 1846.71 1847.73 1849.07 1850.00 1850.00 1850.00 1851.78 1853.82 1856.46 1857.59 1860.00 1861.26 1863.14 1864.58 1867.55 1867.03 1864.70 1865.06 1869.15 1871.24 1874.50 1878.16 1882.20 1887.70 1893.13 1898.80 1902.75 1906.85 1910.63 1913.25 1916.81 1920.82 1924.25 1927.81 1930.81 1933.86 1937.60 1940.54 1944.01 1947.40 1951.08 1955.47 1959.74 1963.68 1967.88 1971.00 1973.42 1975.54 1975.83 1977.24 1978.65 1980.77 1983.21 1985.66 1987.83 1989.58 1991.48 1993.02 1994.07 1995.01 1996.06 1997.77 1999.47 2000.00
1841.16 1842.94 1844.51 1844.53 1845.57 1846.98 1848.48 1849.11 1848.67 1849.35 1851.23 1853.19 1854.21 1858.34 1860.00 1860.00 1861.22 1860.62 1860.00 1860.00 1862.21 1868.19 1872.98 1877.04 1880.87 1886.54 1891.96 1897.40 1902.20 1906.67 1910.00 1912.11 1914.86 1917.68 1920.33 1923.88 1927.42 1930.14 1933.53 1937.24 1941.32 1945.39 1949.35 1952.67 1955.57 1959.83 1962.80 1967.33 1970.00 1971.14 1972.31 1972.38 1973.73 1977.77 1981.09 1983.07 1985.06 1987.04 1988.54 1989.60 1990.79 1991.89 1992.93 1994.78 1996.66 1998.09 1999.53
1840.18 1841.96 1842.32 1842.34 1843.39 1844.84 1845.88 1846.31 1846.05 1847.12 1849.08 1850.00 1851.33 1855.28 1856.44 1858.01 1857.80 1859.20 1860.00 1860.00 1863.15 1871.07 1877.32 1882.93 1888.71 1891.97 1894.98 1900.09 1904.08 1908.00 1910.03 1912.95 1915.88 1918.80 1920.45 1924.17 1927.79 1931.22 1934.67 1938.14 1942.80 1947.93 1951.96 1955.06 1958.00 1961.20 1964.68 1968.60 1969.63 1969.20 1967.21 1968.65 1973.11 1978.71 1981.37 1983.34 1985.16 1986.23 1987.57 1988.56 1989.29 1990.00 1991.81 1993.77 1995.28 1996.72 1998.20
1840.00 1840.12 1840.14 1840.16 1841.01 1842.05 1843.09 1843.43 1843.43 1845.25 1847.39 1849.21 1850.00 1851.75 1853.87 1855.33 1855.23 1857.54 1859.84 1860.63 1870.45 1877.74 1883.72 1888.06 1890.49 1894.09 1897.63 1899.79 1902.94 1906.81 1910.19 1912.59 1915.10 1917.72 1920.56 1924.44 1928.19 1932.03 1935.77 1939.13 1944.94 1950.87 1954.43 1957.64 1960.84 1964.99 1967.14 1968.69 1963.73 1960.08 1962.49 1965.65 1971.42 1978.55 1981.45 1982.88 1984.35 1985.55 1986.66 1987.39 1988.35 1989.35 1990.80 1992.47 1993.99 1995.43 1996.51
1838.01 1839.92 1840.00 1840.00 1840.00 1840.00 1840.29 1840.49 1841.85 1844.20 1846.03 1847.85 1849.68 1850.00 1851.31 1852.58 1853.57 1855.88 1858.62 1863.70 1872.02 1878.14 1883.89 1889.19 1892.09 1894.38 1896.75 1898.48 1900.98 1904.45 1908.20 1911.39 1914.22 1917.36 1920.00 1923.91 1928.45 1932.90 1936.97 1941.36 1948.30 1953.32 1957.14 1960.63 1965.60 1969.18 1969.71 1965.67 1960.86 1960.00 1960.00 1964.40 1971.49 1978.29 1981.05 1982.40 1983.53 1984.67 1985.54 1986.41 1987.41 1988.62 1989.96 1991.33 1992.67 1993.91 1994.83
1835.96 1836.99 1838.50 1839.97 1840.00 1840.00 1840.00 1840.00 1841.04 1843.08 1845.12 1847.17 1849.21 1849.76 1849.24 1849.81 1852.11 1854.75 1859.52 1865.44 1869.53 1875.22 1882.03 1888.97 1891.77 1893.43 1895.08 1897.53 1900.32 1904.37 1908.13 1911.36 1914.24 1917.37 1920.72 1925.18 1929.45 1934.22 1938.64 1944.56 1951.02 1955.93 1959.98 1965.62 1970.00 1970.00 1967.32 1963.43 1960.00 1960.00 1960.00 1963.86 1971.58 1977.37 1980.38 1981.52 1982.65 1983.65 1984.47 1985.50 1986.75 1988.22 1989.70 1990.00 1991.14 1992.07 1993.19
1833.34 1835.08 1836.79 1837.82 1839.15 1840.00 1840.00 1840.00 1840.00 1841.91 1843.94 1845.95 1847.47 1846.84 1846.57 1847.33 1849.11 1852.15 1859.81 1864.19 1867.81 1872.47 1879.78 1887.13 1890.02 1891.68 1893.64 1896.40 1899.78 1903.91 1908.24 1911.74 1914.67 1917.63 1921.03 1925.93 1930.69 1935.94 1940.93 1947.15 1953.24 1958.79 1964.35 1970.00 1970.00 1965.99 1963.12 1960.00 1960.00 1960.00 1960.00 1964.87 1971.78 1977.05 1980.00 1980.63 1981.70 1982.53 1983.61 1985.01 1986.48 1987.89 1989.11 1989.70 1990.00 1990.31 1991.67
1832.27 1833.65 1834.63 1835.67 1836.68 1838.69 1840.00 1840.00 1840.00 1840.69 1842.62 1844.32 1844.88 1843.92 1843.90 1845.00 1847.77 1851.23 1859.53 1862.74 1866.24 1870.69 1878.11 1884.62 1889.01 1890.00 1891.86 1894.98 1898.47 1902.51 1907.04 1911.02 1914.14 1917.24 1921.36 1926.56 1931.88 1937.56 1943.36 1949.62 1955.95 1961.50 1964.84 1968.18 1964.53 1960.35 1958.87 1958.60 1960.00 1960.00 1960.07 1966.50 1971.51 1975.40 1978.32 1979.59 1980.64 1981.79 1983.14 1984.38 1985.70 1986.92 1987.72 1988.16 1988.64 1989.20 1989.81
1830.51 1831.49 1832.48 1833.51 1834.21 1836.23 1838.24 1840.00 1840.00 1840.00 1840.99 1842.15 1842.22 1841.01 1841.29 1843.68 1847.05 1851.01 1857.00 1861.17 1865.93 1871.27 1876.73 1879.65 1884.28 1886.26 1889.88 1893.37 1896.35 1900.65 1905.26 1909.35 1912.90 1917.09 1921.64 1926.98 1932.66 1938.69 1944.89 1951.19 1957.62 1960.00 1960.41 1963.11 1959.11 1955.32 1955.28 1954.67 1956.41 1959.35 1960.94 1966.98 1971.62 1973.94 1976.26 1976.99 1979.23 1980.88 1982.20 1983.49 1984.70 1985.69 1986.32 1986.64 1987.02 1987.58 1988.16
1830.00 1830.00 1830.32 1831.03 1831.74 1833.94 1836.20 1837.96 1838.31 1838.67 1839.04 1839.75 1839.44 1840.00 1840.00 1840.38 1843.47 1851.00 1855.57 1858.42 1863.33 1869.51 1872.19 1875.95 1880.40 1884.11 1887.64 1890.46 1894.80 1899.31 1903.51 1907.64 1911.96 1916.69 1921.76 1927.16 1932.97 1939.24 1945.68 1952.15 1958.78 1960.00 1960.00 1957.82 1954.02 1951.05 1951.02 1950.98 1952.09 1956.78 1960.92 1967.41 1970.00 1971.88 1974.03 1974.54 1977.07 1980.04 1981.27 1982.49 1983.57 1984.29 1984.89 1985.12 1985.40 1985.93 1986.47
1830.00 1830.00 1829.89 1830.00 1830.00 1831.98 1834.13 1835.45 1835.62 1835.68 1836.05 1836.61 1835.99 1838.60 1840.00 1840.00 1843.33 1849.66 1852.35 1855.74 1859.45 1864.50 1868.11 1871.72 1877.38 1881.54 1885.15 1889.55 1893.98 1898.39 1902.57 1906.61 1910.83 1915.98 1921.31 1926.89 1932.75 1939.49 1945.94 1952.29 1958.49 1960.00 1959.01 1953.98 1950.00 1950.00 1950.00 1950.00 1950.67 1955.43 1960.83 1967.76 1970.00 1970.00 1971.64 1972.18 1974.56 1977.40 1980.27 1981.42 1982.26 1982.89 1983.37 1983.59 1983.78 1984.24 1984.72
1829.09 1828.23 1827.00 1827.53 1829.31 1830.02 1831.69 1832.93 1833.05 1832.84 1833.06 1833.39 1832.69 1835.34 1837.99 1840.00 1843.45 1847.29 1849.65 1853.05 1856.42 1861.07 1865.07 1869.38 1874.49 1879.05 1883.32 1888.46 1892.85 1896.77 1900.77 1905.19 1909.57 1914.92 1920.49 1926.42 1932.56 1939.63 1945.54 1951.51 1956.06 1958.71 1955.95 1951.49 1950.00 1950.00 1950.00 1950.00 1950.32 1955.42 1960.78 1967.33 1970.00 1968.59 1967.95 1968.52 1971.17 1974.40 1977.76 1980.16 1980.86 1981.49 1981.85 1982.07 1982.16 1982.56 1982.95
1826.06 1825.53 1824.44 1824.60 1826.26 1829.30 1830.00 1830.42 1830.47 1830.27 1830.07 1830.14 1830.00 1832.66 1836.99 1840.97 1843.66 1845.88 1848.81 1850.00 1852.88 1858.51 1863.49 1868.13 1872.68 1877.15 1881.85 1887.03 1891.59 1895.31 1899.02 1903.42 1908.23 1913.61 1919.41 1925.51 1931.79 1938.55 1944.48 1950.00 1952.41 1952.87 1951.65 1950.00 1950.00 1950.00 1950.00 1950.00 1951.31 1955.75 1961.01 1964.84 1967.29 1963.85 1962.73 1963.88 1967.19 1971.04 1973.99 1976.32 1979.50 1980.06 1980.34 1980.55 1980.52 1980.90 1981.11
1823.03 1822.84 1821.81 1821.90 1823.26 1827.95 1830.00 1829.89 1830.00 1830.00 1830.00 1830.00 1830.00 1831.84 1835.97 1840.09 1843.14 1846.17 1849.20 1850.00 1850.96 1856.95 1862.75 1867.41 1871.99 1876.46 1881.11 1886.31 1891.01 1894.38 1897.76 1901.58 1906.72 1912.08 1917.91 1923.98 1929.91 1936.50 1942.65 1945.99 1946.91 1946.86 1947.18 1948.82 1950.00 1950.00 1950.00 1950.00 1953.18 1956.84 1960.00 1960.38 1963.26 1959.44 1958.13 1959.03 1962.21 1966.16 1969.91 1972.38 1976.49 1976.74 1977.53 1977.74 1977.72 1978.40 1978.96
1820.01 1820.14 1820.00 1820.00 1821.62 1825.38 1826.41 1826.22 1827.43 1829.06 1829.99 1830.00 1830.00 1830.78 1835.41 1840.18 1843.33 1846.56 1849.60 1850.79 1853.99 1857.77 1862.47 1866.65 1870.86 1875.39 1879.92 1884.99 1890.04 1893.23 1896.43 1899.73 1903.82 1909.93 1916.00 1922.10 1928.01 1934.28 1940.54 1941.51 1941.68 1941.14 1942.04 1944.70 1947.53 1950.00 1950.92 1953.22 1956.07 1959.41 1960.00 1960.00 1959.30 1957.33 1955.13 1954.56 1957.43 1962.31 1964.76 1966.92 1970.73 1972.51 1973.64 1974.14 1974.43 1975.13 1975.73
1816.98 1817.67 1818.03 1818.92 1819.82 1821.33 1822.74 1823.33 1825.49 1827.00 1827.94 1828.88 1829.81 1830.00 1835.71 1841.32 1844.92 1848.49 1850.78 1852.87 1855.71 1858.55 1862.30 1866.00 1869.66 1873.85 1878.23 1882.94 1887.87 1891.80 1895.08 1898.42 1902.12 1907.88 1913.84 1919.93 1925.73 1931.57 1936.38 1938.74 1937.31 1936.73 1938.20 1942.18 1946.64 1950.81 1954.10 1957.18 1959.64 1960.00 1960.00 1959.92 1955.63 1953.28 1952.13 1950.87 1953.72 1957.35 1959.16 1962.57 1966.17 1968.46 1969.65 1970.46 1971.30 1971.87 1972.49
1814.13 1815.00 1815.56 1816.46 1817.54 1819.65 1820.00 1820.78 1823.73 1824.97 1825.89 1826.82 1827.76 1829.69 1835.97 1842.22 1846.77 1850.52 1852.32 1854.32 1856.71 1858.98 1862.45 1865.44 1868.45 1871.91 1876.43 1881.31 1885.66 1890.06 1893.51 1896.78 1900.11 1905.55 1911.53 1917.55 1923.41 1929.06 1934.08 1935.07 1933.13 1932.65 1935.93 1940.57 1945.88 1950.74 1954.01 1957.29 1959.78 1959.08 1957.97 1955.97 1951.92 1948.46 1947.07 1945.91 1949.08 1952.51 1954.92 1958.60 1961.58 1963.97 1965.70 1966.38 1967.69 1968.09 1968.95
1811.51 1812.33 1813.10 1814.24 1815.65 1817.32 1819.85 1820.00 1821.96 1822.94 1823.83 1824.77 1826.55 1829.58 1836.56 1843.39 1849.55 1850.80 1852.98 1855.17 1857.32 1859.42 1861.79 1864.88 1867.41 1870.06 1874.86 1879.66 1883.99 1888.19 1891.23 1894.39 1897.67 1902.81 1909.32 1915.33 1920.91 1926.44 1930.24 1931.42 1930.00 1930.13 1934.71 1939.88 1945.35 1950.00 1951.34 1954.62 1955.21 1954.31 1953.14 1951.63 1948.72 1944.10 1941.45 1942.03 1944.93 1948.10 1951.39 1954.51 1957.36 1960.17 1961.52 1962.46 1963.21 1963.61 1963.87
1809.41 1810.00 1810.94 1812.08 1813.25 1815.00 1817.52 1820.00 1820.06 1820.91 1821.78 1823.40 1825.48 1829.74 1838.34 1844.61 1850.00 1850.89 1853.08 1855.26 1857.38 1859.09 1861.25 1863.93 1866.53 1869.31 1873.69 1877.47 1881.17 1884.81 1887.83 1890.83 1895.27 1900.52 1906.94 1912.86 1918.07 1923.12 1928.05 1928.07 1930.00 1930.00 1934.16 1939.70 1944.06 1948.14 1949.49 1950.07 1950.47 1949.53 1947.99 1946.37 1944.14 1940.25 1939.58 1938.83 1940.43 1943.96 1947.28 1950.43 1953.58 1956.49 1957.46 1958.61 1958.82 1959.18 1958.74
1808.02 1810.00 1810.00 1810.00 1810.16 1813.07 1815.40 1817.04 1819.23 1820.00 1820.00 1821.36 1825.59 1829.83 1840.75 1845.60 1849.78 1850.99 1853.05 1854.55 1856.38 1858.12 1859.81 1862.52 1865.33 1868.15 1871.29 1874.82 1878.09 1881.46 1884.17 1888.29 1892.90 1898.10 1904.09 1910.21 1915.19 1919.92 1924.23 1925.49 1928.08 1930.00 1934.01 1938.76 1941.18 1943.66 1944.17 1944.57 1944.08 1943.65 1942.31 1940.81 1939.29 1936.51 1935.12 1934.40 1936.12 1940.24 1944.12 1947.17 1949.96 1952.60 1953.60 1954.71 1954.65 1954.70 1954.00
1806.64 1808.65 1809.02 1809.31 1809.83 1810.84 1812.08 1814.24 1817.41 1819.98 1820.00 1820.00 1824.90 1830.42 1841.09 1844.75 1847.73 1850.22 1851.82 1853.60 1855.31 1856.66 1858.65 1860.24 1862.92 1865.30 1868.36 1871.23 1874.57 1877.70 1881.11 1885.52 1889.68 1894.83 1900.68 1906.72 1911.89 1916.20 1920.39 1922.91 1925.49 1927.88 1932.29 1935.76 1937.32 1938.16 1938.69 1938.89 1938.36 1937.72 1936.45 1935.07 1934.17 1932.37 1930.72 1930.01 1932.81 1937.82 1941.80 1944.68 1947.02 1948.61 1949.89 1950.52 1950.47 1949.88 1949.41
1804.58 1805.86 1805.81 1806.13 1807.26 1809.54 1810.00 1813.29 1815.66 1817.37 1819.70 1820.00 1825.10 1831.31 1839.60 1842.88 1845.56 1848.45 1850.82 1852.14 1853.37 1854.60 1856.87 1858.26 1859.67 1862.47 1865.40 1868.18 1871.62 1875.33 1878.94 1882.67 1886.80 1891.41 1897.04 1902.54 1907.72 1912.22 1916.35 1920.20 1922.46 1925.81 1928.37 1930.25 1931.42 1932.35 1933.08 1933.24 1932.65 1932.37 1930.96 1929.38 1928.45 1927.28 1926.95 1929.39 1930.86 1935.74 1939.38 1941.73 1943.58 1944.79 1945.96 1945.57 1945.64 1945.72 1945.13
1801.89 1802.89 1802.61 1803.23 1805.73 1808.42 1810.00 1811.19 1813.57 1814.77 1817.09 1819.56 1825.45 1831.42 1836.97 1841.04 1843.91 1846.66 1849.48 1850.08 1851.31 1852.94 1854.20 1855.77 1857.66 1859.82 1862.80 1866.37 1870.12 1873.90 1876.91 1880.03 1884.28 1888.58 1893.52 1898.56 1903.47 1907.90 1911.87 1915.80 1918.69 1921.26 1923.70 1925.45 1926.49 1927.18 1927.65 1927.54 1927.11 1926.82 1926.27 1924.63 1923.44 1922.98 1924.17 1927.01 1929.99 1933.82 1936.19 1938.66 1939.60 1940.93 1941.99 1940.51 1940.72 1941.52 1940.94
1799.56 1800.00 1800.00 1801.91 1804.59 1807.17 1809.70 1810.00 1811.46 1812.16 1814.58 1819.23 1824.78 1830.49 1835.08 1838.94 1841.92 1844.43 1846.01 1848.07 1848.61 1850.16 1851.84 1853.72 1855.98 1858.49 1861.69 1865.43 1868.87 1871.88 1875.01 1878.27 1882.29 1886.31 1890.27 1894.87 1899.07 1903.15 1907.14 1911.03 1913.79 1916.11 1918.68 1920.79 1921.81 1922.21 1922.28 1921.97 1921.64 1921.25 1920.83 1919.92 1918.69 1919.28 1921.80 1924.79 1928.10 1930.58 1932.93 1934.43 1935.02 1936.14 1937.36 1935.89 1935.89 1936.91 1936.84
1797.32 1799.22 1800.00 1801.04 1803.75 1806.39 1808.18 1810.00 1810.00 1810.00 1813.88 1818.23 1823.38 1828.70 1832.92 1836.54 1839.19 1840.91 1841.87 1843.51 1844.72 1847.09 1850.04 1852.39 1855.13 1857.80 1860.64 1863.92 1866.88 1869.93 1873.24 1876.87 1880.29 1884.02 1887.51 1890.70 1894.39 1898.02 1901.95 1905.52 1908.33 1910.57 1912.82 1914.59 1915.17 1915.49 1915.63 1915.66 1915.39 1914.81 1914.58 1913.81 1913.91 1915.48 1918.97 1921.97 1924.90 1926.97 1929.30 1930.01 1930.39 1930.71 1932.01 1931.34 1930.95 1931.79 1932.92
