8.lava_viewer/dataset_lava/altitudes.dat
ncols		319
nrows		345
xllcorner	497690.375000
yllcorner	4172160.750000
cellsize	10.000000
NODATA_value	-9999.000000
[rows 58 to 86 of 345, columns 67 to 133 of 319]
2268.87 2270.82 2272.58 2274.10 2275.65 2277.36 2279.32 2281.24 2281.71 2282.16 2283.20 2285.26 2288.00 2290.00 2291.30 2295.01 2298.72 2300.00 2302.97 2305.18 2306.89 2308.84 2310.00 2310.20 2313.91 2317.36 2319.64 2321.73 2323.30 2324.72 2326.18 2327.50 2328.78 2330.03 2331.28 2332.99 2334.56 2335.52 2334.92 2334.56 2335.03 2336.75 2338.81 2340.32 2341.25 2342.58 2344.47 2347.39 2349.85 2351.39 2352.98 2355.11 2357.21 2359.15 2361.08 2362.78 2364.61 2366.54 2368.30 2370.13 2371.91 2373.17 2374.19 2375.43 2377.48 2380.05 2382.68
2267.31 2269.20 2270.86 2272.36 2273.86 2275.67 2277.59 2279.13 2280.00 2280.00 2280.20 2283.09 2286.04 2288.99 2291.75 2294.59 2296.88 2298.71 2300.86 2303.09 2305.07 2306.71 2308.30 2309.99 2312.97 2315.48 2317.56 2319.44 2320.71 2322.01 2323.39 2324.77 2325.99 2327.32 2329.15 2331.05 2332.47 2333.15 2332.59 2331.89 2332.27 2333.80 2336.16 2337.32 2338.46 2339.99 2342.49 2345.01 2347.05 2348.58 2350.22 2352.36 2354.30 2356.35 2358.46 2360.29 2362.23 2364.06 2365.82 2367.57 2369.17 2370.22 2371.07 2372.71 2375.19 2377.65 2379.94
2265.65 2267.46 2268.99 2270.50 2272.12 2273.80 2275.04 2276.94 2278.29 2279.88 2280.58 2283.28 2285.98 2288.31 2290.17 2292.60 2294.60 2296.76 2299.28 2301.31 2302.96 2304.59 2306.48 2308.87 2311.20 2313.41 2315.56 2317.05 2318.36 2319.31 2320.64 2322.03 2323.24 2324.74 2326.89 2329.13 2330.25 2330.78 2330.26 2329.01 2329.47 2330.98 2333.09 2334.89 2336.11 2338.02 2340.20 2342.60 2344.58 2345.72 2347.21 2349.41 2351.59 2353.90 2356.07 2357.95 2359.78 2361.56 2363.31 2364.97 2366.31 2367.26 2368.35 2370.26 2372.69 2375.09 2377.39
2263.98 2265.50 2266.14 2268.07 2270.01 2271.18 2272.61 2275.07 2276.65 2278.48 2280.43 2282.76 2285.09 2286.93 2288.66 2290.52 2292.73 2295.14 2297.29 2299.08 2300.87 2302.95 2305.25 2307.35 2309.37 2311.40 2313.46 2315.10 2316.29 2316.74 2318.10 2319.25 2320.57 2322.47 2324.74 2326.42 2327.60 2328.04 2327.04 2325.87 2326.56 2328.57 2330.58 2332.45 2334.01 2335.78 2338.07 2340.29 2341.53 2342.34 2344.07 2346.84 2349.32 2351.75 2353.79 2355.67 2357.37 2359.07 2360.69 2362.28 2363.55 2364.29 2365.77 2367.86 2370.28 2372.65 2374.73
2262.02 2262.99 2263.30 2265.38 2266.89 2269.92 2270.63 2273.21 2275.33 2277.73 2280.00 2281.85 2283.69 2285.40 2287.10 2288.91 2290.78 2292.98 2294.93 2296.89 2299.30 2301.59 2303.73 2305.82 2307.66 2309.58 2311.52 2313.00 2313.91 2314.18 2315.45 2317.08 2318.50 2320.33 2322.52 2323.92 2324.88 2325.13 2324.15 2322.76 2324.06 2326.58 2328.86 2330.01 2331.55 2333.45 2335.53 2337.50 2338.28 2340.00 2342.06 2344.53 2347.13 2349.54 2351.57 2353.39 2354.84 2356.29 2357.87 2359.53 2360.76 2361.37 2363.21 2365.45 2367.88 2370.05 2371.84
2260.00 2260.18 2260.63 2262.39 2265.35 2268.52 2270.00 2272.54 2274.55 2276.66 2278.77 2280.45 2282.13 2283.77 2285.25 2286.61 2288.69 2290.78 2293.03 2295.44 2297.78 2300.11 2302.20 2304.13 2306.06 2307.84 2309.66 2311.05 2311.46 2311.65 2313.58 2315.09 2316.94 2318.54 2319.99 2321.33 2322.13 2322.22 2321.63 2320.00 2322.00 2324.54 2326.10 2327.57 2329.02 2330.74 2332.99 2334.10 2335.23 2337.24 2339.74 2342.11 2344.33 2346.78 2349.11 2350.75 2352.06 2353.45 2354.99 2356.64 2357.59 2358.61 2360.64 2363.13 2365.46 2367.36 2369.45
2257.77 2260.00 2260.00 2261.55 2264.28 2267.00 2270.00 2271.73 2273.84 2275.71 2277.09 2278.71 2280.45 2281.59 2282.63 2284.56 2286.84 2289.15 2291.60 2294.08 2296.49 2298.58 2300.60 2302.53 2304.19 2305.98 2307.51 2308.42 2309.20 2310.00 2311.72 2313.63 2315.13 2316.44 2317.76 2318.77 2319.41 2319.35 2318.84 2319.46 2320.00 2322.18 2323.93 2325.14 2326.62 2328.51 2329.78 2330.71 2332.38 2334.94 2337.22 2339.20 2341.52 2344.06 2346.57 2348.06 2349.23 2350.42 2352.33 2353.67 2354.36 2355.70 2358.16 2360.75 2362.97 2364.96 2367.27
2255.42 2258.24 2260.00 2261.09 2263.58 2266.07 2268.67 2270.88 2272.62 2274.22 2275.44 2276.88 2277.90 2279.83 2280.57 2282.91 2285.38 2287.97 2290.50 2292.88 2295.00 2297.04 2298.98 2300.59 2302.28 2303.88 2305.17 2305.59 2306.50 2308.01 2310.32 2311.75 2313.02 2314.15 2315.28 2316.28 2316.90 2316.58 2316.14 2316.95 2318.28 2320.30 2321.33 2322.74 2324.45 2325.80 2326.68 2328.38 2330.14 2332.44 2334.53 2336.68 2339.11 2341.79 2343.79 2345.28 2346.63 2347.94 2349.49 2350.55 2351.28 2352.71 2355.47 2358.09 2360.47 2362.71 2365.27
2254.73 2257.19 2258.95 2260.00 2261.96 2264.52 2267.18 2269.96 2271.27 2272.13 2273.35 2274.47 2275.12 2276.92 2278.80 2281.61 2284.12 2286.60 2289.15 2291.44 2293.47 2295.40 2297.08 2298.71 2300.27 2301.87 2302.44 2302.77 2303.87 2306.40 2308.22 2309.61 2310.68 2311.84 2312.80 2313.80 2314.47 2314.08 2313.44 2314.44 2316.37 2317.94 2318.93 2320.35 2321.86 2322.81 2323.67 2325.57 2327.78 2329.82 2332.00 2334.25 2336.99 2339.39 2341.25 2342.79 2344.01 2345.50 2346.69 2347.62 2348.42 2350.15 2352.84 2355.90 2358.18 2360.72 2362.93
2253.95 2255.57 2257.08 2258.31 2260.28 2262.88 2265.16 2267.33 2269.00 2270.15 2271.19 2271.55 2272.27 2274.20 2277.25 2280.18 2282.63 2284.93 2287.48 2289.87 2291.82 2293.59 2295.35 2296.89 2298.54 2299.81 2300.00 2300.00 2302.40 2304.41 2306.21 2307.38 2308.51 2309.38 2310.31 2311.32 2312.06 2311.60 2310.74 2312.38 2314.43 2315.64 2316.68 2317.81 2319.01 2320.00 2321.01 2323.32 2324.78 2326.75 2329.40 2332.14 2334.63 2336.69 2338.48 2340.30 2341.42 2342.75 2343.94 2344.75 2346.10 2348.44 2351.30 2353.77 2356.24 2358.58 2360.42
2252.24 2253.70 2254.91 2256.54 2258.32 2260.36 2262.53 2264.88 2265.94 2267.07 2268.19 2269.08 2269.98 2272.38 2275.43 2278.17 2280.72 2283.19 2285.58 2287.88 2290.08 2291.90 2293.53 2295.31 2296.68 2297.63 2298.05 2299.12 2300.57 2302.35 2303.97 2305.35 2306.24 2307.01 2307.93 2308.67 2309.53 2309.78 2310.00 2310.36 2312.20 2313.42 2314.26 2315.22 2316.20 2317.36 2318.84 2320.20 2321.36 2323.68 2326.61 2329.82 2332.02 2333.84 2335.49 2337.12 2338.52 2339.98 2341.11 2342.08 2344.57 2346.94 2349.95 2351.70 2354.11 2356.12 2358.09
2250.32 2251.72 2252.85 2254.22 2256.11 2257.77 2260.07 2261.85 2262.71 2264.03 2265.22 2266.26 2268.09 2270.66 2273.28 2275.99 2278.76 2281.27 2283.56 2285.77 2288.04 2290.28 2292.08 2293.54 2294.75 2295.08 2295.06 2296.36 2298.36 2300.52 2302.15 2303.19 2303.79 2304.60 2305.43 2305.78 2306.41 2306.89 2307.60 2308.57 2310.24 2310.98 2311.49 2312.38 2313.17 2314.49 2315.45 2317.01 2318.26 2320.58 2324.24 2326.92 2329.07 2330.75 2332.39 2333.89 2335.34 2336.84 2338.11 2340.14 2342.73 2345.61 2347.89 2349.61 2351.80 2354.03 2355.54
2248.61 2249.49 2250.40 2251.91 2253.42 2255.26 2257.16 2259.04 2260.00 2261.07 2262.53 2264.15 2266.43 2268.80 2271.58 2274.48 2276.94 2279.24 2281.44 2283.67 2285.98 2288.33 2290.33 2291.61 2292.29 2292.46 2292.08 2294.18 2296.77 2298.67 2300.13 2300.93 2301.42 2302.22 2302.66 2302.68 2303.45 2304.08 2304.67 2305.82 2307.46 2308.10 2308.56 2309.56 2310.14 2310.97 2312.09 2313.83 2315.66 2318.64 2321.54 2324.01 2326.20 2327.67 2329.27 2330.69 2332.27 2333.82 2335.45 2338.22 2341.14 2343.72 2345.47 2347.53 2349.72 2351.50 2352.91
2246.27 2247.20 2248.25 2249.76 2250.48 2253.21 2255.88 2257.72 2259.21 2260.00 2260.39 2262.95 2265.52 2268.09 2270.11 2272.60 2274.91 2277.11 2279.25 2281.50 2283.64 2285.76 2287.85 2289.45 2290.00 2290.00 2290.69 2293.14 2295.11 2296.80 2297.83 2298.40 2299.02 2299.78 2299.89 2299.63 2300.49 2301.28 2301.74 2303.16 2304.31 2304.89 2305.55 2306.77 2307.34 2308.01 2309.09 2310.85 2313.71 2316.15 2319.00 2321.55 2323.16 2324.62 2326.18 2327.66 2329.36 2330.81 2333.69 2336.63 2339.30 2341.38 2343.37 2345.49 2347.55 2348.70 2350.05
2244.03 2245.05 2246.64 2248.53 2250.39 2252.71 2254.83 2256.32 2257.80 2259.40 2260.17 2262.74 2265.28 2266.99 2268.53 2270.55 2272.78 2274.75 2276.91 2278.98 2281.05 2283.25 2285.06 2286.39 2287.28 2287.84 2289.45 2291.57 2293.37 2294.53 2295.42 2295.86 2296.96 2297.78 2297.40 2296.95 2297.79 2299.23 2299.90 2300.34 2301.17 2301.68 2303.13 2303.97 2304.55 2305.27 2306.60 2308.95 2311.10 2313.57 2316.20 2318.34 2320.09 2321.58 2323.08 2324.73 2327.07 2329.54 2332.17 2334.93 2337.10 2339.20 2341.27 2343.45 2344.75 2345.82 2347.01
2241.85 2243.52 2245.41 2247.75 2250.00 2251.83 2253.43 2255.14 2257.12 2258.96 2260.00 2262.22 2263.90 2265.42 2266.73 2268.66 2270.49 2272.39 2274.43 2276.47 2278.57 2280.63 2282.05 2283.32 2283.99 2285.44 2287.72 2289.83 2291.13 2292.27 2292.84 2293.69 2295.04 2295.70 2295.39 2294.28 2295.14 2296.76 2297.18 2297.66 2298.37 2299.55 2300.63 2301.18 2301.77 2302.57 2304.65 2306.35 2308.40 2310.64 2312.99 2315.07 2316.83 2318.51 2320.19 2322.31 2324.72 2327.65 2330.48 2332.74 2335.01 2337.09 2339.22 2341.00 2341.86 2342.81 2344.01
2240.40 2242.71 2245.00 2246.95 2248.84 2250.71 2252.50 2254.29 2256.03 2257.61 2259.22 2260.81 2262.20 2263.02 2264.93 2266.61 2268.20 2269.90 2271.98 2274.07 2276.16 2277.45 2279.02 2280.05 2281.36 2283.56 2285.72 2287.57 2289.24 2289.82 2290.41 2291.95 2293.12 2293.54 2293.12 2291.82 2292.72 2294.08 2294.47 2294.94 2295.79 2296.98 2298.23 2298.94 2299.16 2300.22 2301.99 2303.67 2305.89 2307.88 2309.78 2311.85 2313.91 2315.64 2317.58 2319.96 2323.14 2325.89 2328.36 2330.73 2332.92 2335.01 2336.78 2338.35 2338.86 2339.56 2341.34
2240.00 2242.02 2244.18 2246.08 2247.85 2249.66 2251.42 2253.10 2254.81 2256.41 2257.97 2259.14 2260.00 2261.10 2262.77 2264.39 2265.74 2267.56 2269.61 2271.58 2272.68 2274.74 2276.32 2278.32 2280.00 2281.59 2283.26 2284.94 2285.85 2286.30 2288.00 2290.04 2291.18 2291.27 2290.85 2290.00 2290.75 2291.40 2291.79 2292.21 2293.22 2294.41 2296.06 2296.31 2296.85 2298.18 2299.30 2301.26 2303.29 2305.13 2307.03 2309.07 2311.03 2312.98 2315.88 2318.80 2321.59 2324.18 2326.47 2328.43 2330.81 2332.46 2334.09 2335.33 2335.67 2336.42 2338.43
2239.70 2241.59 2243.59 2245.39 2247.03 2248.81 2250.29 2251.98 2253.59 2255.21 2256.45 2257.84 2258.22 2259.18 2260.55 2261.81 2263.35 2265.24 2267.10 2268.41 2269.89 2271.98 2274.33 2276.59 2278.05 2279.08 2280.55 2281.64 2282.42 2282.96 2284.78 2288.98 2289.04 2290.00 2289.69 2289.89 2290.00 2290.00 2290.00 2290.00 2290.60 2292.26 2293.73 2293.86 2294.67 2295.94 2297.36 2298.91 2300.56 2302.33 2304.10 2306.36 2308.45 2311.32 2314.26 2317.39 2319.96 2322.21 2324.11 2325.80 2327.68 2329.73 2331.29 2332.17 2332.44 2333.52 2335.26
2239.34 2241.25 2243.09 2244.87 2246.45 2247.89 2249.30 2250.78 2252.45 2253.84 2255.36 2256.03 2256.31 2257.30 2258.34 2259.05 2260.89 2262.62 2264.01 2265.15 2267.67 2270.86 2272.89 2274.58 2275.50 2276.11 2277.41 2278.32 2278.89 2280.00 2282.86 2285.96 2286.45 2287.86 2286.72 2286.64 2286.95 2288.01 2288.69 2289.10 2289.84 2290.19 2291.13 2291.58 2292.59 2293.75 2295.18 2296.55 2297.95 2299.48 2301.39 2303.64 2307.01 2310.71 2313.54 2315.79 2317.95 2319.71 2321.06 2322.54 2324.37 2326.41 2328.08 2328.93 2329.23 2330.28 2331.97
2239.14 2240.94 2242.61 2244.11 2245.65 2246.99 2248.36 2249.74 2251.24 2252.76 2254.03 2254.21 2254.40 2255.49 2255.91 2256.10 2258.01 2259.59 2260.79 2262.72 2266.42 2268.98 2270.95 2272.16 2272.57 2273.15 2274.18 2275.04 2276.03 2278.32 2280.78 2282.94 2283.85 2284.24 2283.76 2283.38 2283.86 2285.23 2285.52 2285.76 2286.66 2287.93 2288.35 2289.19 2290.35 2291.54 2292.72 2293.99 2295.38 2297.39 2299.98 2302.73 2306.27 2309.42 2311.72 2313.74 2315.52 2316.96 2317.96 2319.10 2321.11 2323.15 2325.24 2325.58 2326.12 2327.49 2328.95
2238.63 2240.33 2241.90 2243.34 2244.72 2246.19 2247.55 2248.84 2250.15 2251.61 2252.38 2252.39 2252.48 2253.59 2253.49 2253.14 2254.95 2256.58 2259.14 2261.66 2264.27 2266.49 2268.55 2270.00 2270.00 2270.09 2270.91 2271.65 2274.10 2276.64 2278.70 2279.93 2280.60 2280.60 2280.23 2280.18 2281.08 2282.47 2282.36 2282.43 2284.07 2285.30 2285.95 2286.59 2287.77 2289.01 2290.26 2291.29 2293.41 2296.00 2298.60 2301.68 2304.87 2307.33 2309.49 2311.33 2312.96 2313.94 2314.67 2316.26 2318.94 2320.46 2321.85 2322.46 2323.39 2324.73 2326.82
2238.16 2239.70 2241.21 2242.71 2244.05 2245.52 2246.88 2248.08 2249.35 2250.21 2250.56 2250.57 2250.59 2251.57 2251.07 2250.56 2252.07 2254.53 2257.35 2259.62 2261.89 2263.82 2265.78 2266.99 2267.09 2267.06 2269.12 2270.35 2272.76 2274.91 2276.45 2277.42 2277.47 2277.45 2277.15 2278.14 2279.37 2279.79 2279.36 2280.00 2281.32 2282.42 2283.35 2284.05 2285.08 2286.50 2288.04 2289.81 2291.86 2294.75 2297.69 2300.19 2302.76 2304.89 2306.93 2308.66 2310.05 2310.76 2311.59 2314.34 2316.65 2317.87 2318.44 2319.36 2320.61 2322.58 2325.30
2237.69 2239.25 2240.79 2242.32 2243.64 2244.99 2246.36 2247.46 2248.10 2248.85 2249.32 2249.32 2249.38 2249.69 2250.00 2250.00 2250.08 2253.28 2255.51 2257.33 2259.19 2260.98 2262.76 2263.11 2262.46 2263.90 2266.25 2268.79 2270.99 2272.54 2273.83 2275.14 2274.45 2274.41 2274.32 2275.59 2276.92 2277.21 2276.69 2277.62 2278.82 2280.10 2280.75 2281.35 2282.54 2284.05 2285.83 2288.33 2291.10 2293.77 2296.21 2298.42 2300.23 2302.21 2304.05 2305.76 2307.01 2308.34 2309.89 2311.78 2313.35 2314.61 2315.34 2316.73 2318.97 2321.17 2323.69
2237.55 2239.06 2240.61 2242.03 2243.36 2244.58 2245.57 2246.37 2246.69 2247.12 2247.48 2247.39 2247.45 2248.03 2247.48 2248.37 2249.26 2251.28 2253.29 2255.30 2257.31 2258.66 2259.71 2260.00 2260.00 2262.36 2265.02 2266.99 2268.64 2270.17 2271.52 2272.61 2271.91 2271.37 2271.76 2273.58 2274.47 2274.60 2274.09 2275.13 2276.43 2277.78 2278.08 2278.72 2280.13 2282.28 2284.75 2287.28 2289.84 2292.16 2294.32 2296.23 2297.82 2299.36 2301.14 2302.81 2304.04 2305.59 2307.08 2308.68 2310.06 2311.32 2312.38 2314.42 2317.17 2320.04 2322.11
2236.99 2238.80 2240.36 2241.63 2242.69 2243.68 2244.55 2245.04 2245.40 2245.40 2245.57 2245.46 2245.56 2245.63 2244.89 2245.17 2246.46 2249.19 2251.42 2253.43 2255.38 2256.57 2257.41 2258.16 2259.40 2261.43 2262.86 2264.76 2266.29 2268.44 2269.96 2270.01 2269.86 2270.00 2270.00 2271.14 2272.01 2271.98 2271.48 2272.76 2274.11 2275.28 2275.39 2276.49 2278.48 2280.85 2283.41 2285.74 2287.93 2290.21 2292.27 2293.82 2295.41 2296.79 2298.38 2299.83 2301.28 2302.77 2304.32 2305.18 2306.50 2308.85 2310.51 2313.47 2316.09 2317.99 2319.93
2236.63 2238.26 2239.81 2240.80 2241.79 2242.68 2243.30 2243.63 2243.97 2243.67 2243.66 2243.53 2243.84 2243.10 2242.35 2241.97 2243.89 2246.63 2249.37 2251.55 2253.38 2254.34 2255.12 2256.30 2257.89 2259.06 2260.70 2262.57 2264.75 2266.86 2267.44 2267.16 2266.61 2266.91 2267.78 2269.24 2269.43 2269.44 2269.77 2270.43 2271.87 2272.57 2272.88 2274.83 2277.19 2279.59 2281.38 2283.54 2285.80 2288.06 2289.83 2291.41 2292.76 2294.18 2295.73 2297.10 2298.46 2299.87 2301.08 2301.68 2303.54 2306.50 2309.88 2312.05 2314.19 2315.72 2317.46
2235.95 2237.44 2238.91 2240.00 2240.80 2241.51 2241.96 2242.16 2242.24 2241.94 2241.75 2241.60 2241.30 2240.56 2240.00 2240.00 2241.33 2244.07 2246.81 2249.55 2251.25 2252.07 2253.20 2254.56 2255.86 2257.23 2258.97 2261.00 2263.18 2264.80 2265.29 2264.80 2263.37 2263.82 2265.45 2266.49 2266.61 2266.82 2267.17 2268.28 2269.39 2270.00 2271.29 2273.78 2276.32 2277.76 2279.41 2281.38 2283.60 2285.27 2287.02 2288.85 2290.03 2291.55 2293.01 2294.13 2295.60 2297.17 2298.42 2300.00 2302.15 2305.68 2308.85 2310.45 2311.53 2313.25 2315.06
2235.07 2236.41 2237.55 2238.61 2239.65 2240.24 2240.58 2240.70 2240.51 2240.23 2239.86 2240.00 2240.00 2240.00 2240.00 2240.00 2240.67 2243.26 2245.71 2247.80 2248.92 2249.91 2251.24 2252.66 2253.95 2255.62 2257.37 2259.45 2261.33 2262.58 2263.14 2262.25 2260.48 2261.42 2262.92 2263.75 2263.79 2264.15 2264.63 2265.97 2266.95 2269.27 2270.50 2273.04 2274.77 2276.43 2277.89 2279.16 2280.80 2282.45 2284.24 2285.88 2286.86 2288.69 2290.22 2291.23 2292.70 2294.46 2296.70 2299.42 2302.03 2304.51 2306.59 2308.05 2310.00 2310.92 2312.85
