8.lava_viewer/dataset_lava/altitudes.dat
ncols		319
nrows		345
xllcorner	497690.375000
yllcorner	4172160.750000
cellsize	10.000000
NODATA_value	-9999.000000
[rows 145 to 173 of 345, columns 0 to 66 of 319]
2010.00 2010.00 2010.18 2011.67 2014.06 2016.47 2018.88 2020.22 2022.22 2023.72 2024.54 2025.13 2023.85 2025.46 2029.39 2030.00 2032.65 2035.68 2038.40 2040.88 2043.24 2045.82 2048.40 2050.00 2050.67 2053.46 2056.12 2059.03 2060.83 2062.57 2064.44 2065.96 2068.45 2070.00 2070.00 2070.00 2072.02 2075.67 2079.12 2081.07 2083.14 2085.20 2086.99 2088.61 2090.00 2091.51 2092.75 2093.99 2093.41 2092.01 2092.05 2093.08 2094.80 2096.57 2098.32 2100.10 2102.26 2104.15 2105.73 2107.24 2108.74 2110.00 2110.48 2111.78 2113.95 2115.72 2117.40
2009.32 2010.00 2010.00 2010.66 2013.07 2015.48 2017.38 2019.03 2020.83 2021.86 2022.59 2021.83 2020.14 2024.08 2028.01 2030.67 2033.78 2036.93 2040.01 2042.15 2044.28 2046.22 2048.56 2050.00 2050.94 2052.98 2056.01 2059.03 2060.00 2060.56 2062.40 2064.89 2068.06 2070.00 2070.00 2070.33 2073.07 2076.11 2079.10 2081.19 2082.77 2084.35 2085.95 2087.67 2088.47 2089.67 2090.21 2090.21 2090.00 2090.00 2090.51 2092.31 2094.12 2095.93 2097.67 2098.43 2100.52 2102.09 2103.65 2105.74 2107.13 2108.99 2110.00 2111.03 2112.71 2114.40 2116.06
2007.71 2008.94 2010.00 2010.00 2012.07 2014.05 2015.21 2017.08 2018.65 2019.49 2020.00 2020.00 2020.00 2024.47 2029.41 2032.34 2035.37 2038.55 2041.24 2043.49 2045.65 2047.69 2049.67 2050.98 2052.33 2054.13 2056.01 2059.03 2060.00 2060.00 2061.47 2064.50 2067.67 2070.00 2070.00 2071.34 2073.92 2076.50 2079.09 2080.13 2081.71 2083.29 2084.88 2085.63 2086.31 2087.11 2087.78 2087.66 2089.22 2090.00 2090.19 2091.99 2093.76 2095.18 2095.74 2096.54 2098.95 2100.76 2102.63 2104.01 2105.58 2107.44 2109.30 2110.00 2111.39 2113.07 2114.58
2006.11 2007.33 2008.35 2009.41 2010.66 2011.96 2013.12 2014.34 2015.57 2015.45 2015.71 2018.82 2020.20 2025.67 2030.61 2033.70 2036.80 2039.82 2042.27 2044.63 2046.89 2049.13 2050.00 2050.60 2052.95 2055.14 2056.76 2059.03 2060.00 2060.43 2063.19 2065.66 2068.03 2070.00 2070.00 2070.50 2073.09 2075.67 2077.97 2079.54 2080.65 2082.09 2082.94 2083.37 2084.00 2084.97 2085.33 2085.28 2086.86 2088.40 2089.80 2091.34 2092.49 2093.05 2093.61 2094.67 2097.17 2100.00 2100.90 2102.28 2104.03 2105.89 2108.21 2110.00 2110.07 2111.72 2113.00
2004.50 2005.49 2006.55 2007.46 2008.21 2009.21 2010.30 2011.47 2012.29 2011.40 2011.41 2015.53 2021.16 2026.71 2031.26 2034.36 2037.47 2040.46 2042.93 2045.40 2047.87 2050.00 2050.00 2050.22 2052.57 2054.92 2057.27 2059.37 2060.00 2061.14 2063.90 2066.66 2069.30 2070.00 2070.00 2070.00 2072.25 2074.79 2076.21 2077.45 2079.10 2080.25 2080.75 2081.01 2081.71 2082.69 2082.88 2082.92 2084.47 2086.27 2088.42 2090.00 2090.35 2090.91 2091.47 2092.88 2095.23 2098.29 2100.00 2100.62 2102.92 2105.25 2107.46 2108.58 2109.94 2110.26 2111.05
2002.70 2003.65 2004.46 2004.94 2005.54 2005.66 2006.87 2008.19 2008.96 2010.00 2010.95 2016.64 2022.23 2027.72 2031.83 2034.95 2038.06 2040.90 2043.29 2045.67 2048.06 2050.00 2050.00 2050.00 2052.19 2054.54 2056.89 2058.99 2060.00 2061.84 2064.61 2066.68 2068.68 2070.00 2070.00 2070.00 2071.42 2072.97 2074.02 2075.52 2076.95 2078.17 2078.23 2078.97 2079.96 2080.24 2080.42 2080.59 2082.71 2084.83 2087.28 2089.69 2090.00 2090.00 2090.00 2090.00 2093.07 2096.20 2097.96 2100.00 2102.32 2104.23 2105.72 2107.30 2108.50 2109.65 2110.00
2000.86 2001.82 2002.42 2002.25 2002.05 2002.17 2003.31 2004.35 2006.88 2009.59 2012.66 2017.27 2022.92 2028.45 2032.16 2035.15 2038.13 2040.88 2043.15 2045.34 2047.26 2049.05 2050.00 2050.00 2051.81 2053.58 2055.82 2058.02 2060.00 2062.07 2064.02 2065.97 2067.72 2068.55 2068.48 2069.01 2069.74 2070.70 2071.94 2073.43 2074.30 2075.22 2075.41 2076.06 2076.98 2078.34 2079.23 2080.00 2081.24 2083.66 2086.04 2087.69 2088.11 2087.77 2088.75 2089.97 2091.88 2093.39 2095.70 2099.18 2101.28 2102.86 2104.44 2105.90 2107.06 2107.85 2106.95
1999.97 1999.70 2000.00 2000.00 2000.00 2000.00 2000.00 2002.70 2006.20 2009.71 2013.87 2018.22 2023.30 2028.72 2032.06 2034.70 2037.46 2040.21 2042.21 2044.09 2045.84 2046.92 2048.55 2049.92 2050.26 2052.56 2054.90 2057.09 2059.20 2061.16 2062.91 2064.49 2065.96 2066.24 2066.23 2066.79 2067.40 2068.30 2069.77 2070.86 2071.66 2072.01 2072.75 2073.16 2073.97 2075.43 2076.31 2077.72 2079.99 2082.38 2083.58 2084.73 2084.56 2085.11 2086.88 2088.39 2090.00 2091.68 2095.31 2098.95 2100.00 2101.58 2103.16 2104.46 2105.21 2105.31 2103.59
1997.51 1996.86 1997.38 1999.54 2000.00 2000.00 2000.13 2003.67 2007.21 2010.84 2014.91 2019.07 2023.22 2027.35 2030.95 2033.85 2036.47 2038.85 2040.90 2042.61 2044.26 2045.85 2047.22 2048.59 2049.95 2051.97 2054.11 2056.26 2058.10 2059.87 2061.26 2063.06 2063.64 2063.92 2064.06 2064.55 2065.07 2065.78 2067.14 2069.09 2068.55 2068.45 2070.07 2070.25 2070.98 2072.51 2073.74 2075.74 2079.04 2080.00 2080.62 2081.21 2081.68 2083.78 2085.66 2087.95 2090.00 2092.13 2095.20 2098.28 2100.00 2100.30 2101.86 2102.56 2102.67 2102.77 2100.77
1995.17 1994.02 1994.96 1997.79 2000.00 2000.00 2001.52 2004.77 2007.96 2011.56 2015.70 2019.85 2023.45 2027.04 2030.49 2033.33 2035.80 2037.89 2039.97 2041.64 2043.16 2044.54 2046.13 2047.72 2049.30 2051.22 2053.38 2055.17 2057.22 2058.85 2059.88 2061.05 2061.32 2061.60 2061.88 2062.15 2062.46 2063.34 2064.55 2065.31 2064.30 2064.40 2066.22 2066.67 2068.06 2069.82 2071.50 2074.78 2077.24 2080.00 2080.00 2080.00 2080.68 2082.93 2085.19 2087.42 2089.95 2092.80 2095.34 2097.59 2099.84 2100.00 2100.00 2100.02 2100.13 2100.23 2096.89
1992.54 1991.30 1993.21 1996.04 1998.87 2000.00 2002.03 2005.10 2008.14 2011.67 2015.86 2020.04 2023.74 2027.44 2030.46 2032.52 2034.58 2036.65 2038.70 2040.71 2042.26 2043.82 2045.37 2046.93 2048.42 2050.47 2052.52 2054.57 2056.61 2057.92 2059.03 2060.00 2060.00 2060.00 2060.00 2060.00 2059.85 2060.41 2061.50 2061.50 2060.20 2060.36 2062.33 2063.56 2065.92 2067.36 2068.89 2070.63 2075.02 2078.74 2080.00 2080.00 2080.00 2082.30 2084.91 2087.52 2090.13 2092.68 2095.15 2097.11 2098.22 2099.12 2100.00 2100.00 2100.00 2097.18 2093.66
1990.00 1990.00 1991.53 1994.57 1997.91 2000.44 2002.96 2005.56 2008.15 2011.27 2015.61 2019.95 2023.85 2027.74 2030.00 2030.79 2032.85 2034.91 2038.33 2040.00 2041.43 2042.98 2044.54 2045.68 2047.88 2050.16 2052.13 2054.04 2055.96 2056.69 2057.32 2058.30 2059.44 2059.51 2058.11 2057.35 2057.26 2057.99 2058.83 2060.00 2060.00 2060.00 2060.00 2061.99 2063.37 2064.75 2066.53 2070.00 2072.69 2075.82 2078.96 2080.00 2081.01 2082.97 2085.16 2087.72 2090.34 2092.66 2094.35 2096.04 2096.60 2097.49 2098.17 2098.23 2097.59 2094.89 2091.39
1990.00 1990.00 1991.60 1994.94 1998.25 2000.66 2003.15 2005.63 2008.12 2011.10 2015.53 2019.96 2023.60 2026.64 2029.53 2030.00 2031.11 2034.49 2037.70 2040.00 2040.59 2042.14 2042.94 2045.20 2046.57 2048.64 2050.51 2052.24 2053.63 2054.36 2055.04 2056.53 2057.28 2056.83 2055.59 2054.64 2054.95 2055.69 2057.07 2058.39 2059.70 2060.00 2060.00 2060.00 2060.76 2062.13 2065.43 2070.01 2072.55 2075.01 2077.46 2079.90 2081.62 2083.91 2086.20 2088.30 2090.00 2091.60 2093.29 2094.76 2094.98 2095.85 2096.26 2095.94 2094.84 2092.90 2090.00
1990.00 1990.00 1991.66 1994.44 1997.23 2000.01 2002.49 2005.26 2008.03 2011.28 2015.66 2020.03 2023.24 2025.89 2027.51 2028.39 2029.55 2031.83 2035.15 2037.30 2039.24 2040.38 2041.78 2043.09 2044.89 2046.54 2048.36 2049.82 2051.14 2052.03 2053.26 2054.55 2054.74 2054.02 2053.10 2051.93 2052.65 2053.83 2055.28 2056.59 2057.91 2059.23 2060.00 2060.00 2060.00 2060.00 2064.68 2069.73 2072.31 2074.75 2077.19 2079.63 2082.07 2084.45 2086.73 2089.02 2090.00 2090.53 2092.22 2093.14 2093.36 2093.92 2093.93 2093.57 2092.39 2090.74 2090.00
1987.26 1990.00 1991.68 1994.33 1996.99 1999.71 2002.45 2005.07 2007.69 2010.54 2014.85 2019.30 2022.16 2024.02 2024.84 2025.57 2026.72 2029.45 2031.04 2033.62 2035.65 2038.18 2040.00 2041.03 2042.53 2044.68 2045.97 2047.42 2048.72 2050.00 2051.53 2052.48 2051.92 2051.21 2050.49 2050.00 2050.38 2052.17 2053.48 2054.81 2056.18 2057.51 2058.45 2058.96 2060.00 2060.00 2064.63 2069.73 2072.28 2074.71 2077.14 2079.57 2082.02 2084.48 2086.97 2088.99 2090.00 2090.00 2091.15 2091.52 2091.74 2091.73 2091.46 2091.18 2090.23 2088.71 2088.46
1986.51 1990.00 1991.95 1994.61 1996.94 1999.26 2001.77 2004.32 2006.87 2009.42 2013.51 2017.51 2020.53 2021.31 2022.08 2022.76 2024.62 2025.64 2029.11 2030.97 2033.82 2036.66 2037.64 2038.89 2040.74 2042.19 2043.65 2045.11 2046.38 2048.90 2050.00 2050.00 2050.00 2050.00 2050.00 2050.00 2050.00 2050.43 2051.80 2053.16 2054.51 2055.73 2056.57 2057.08 2059.08 2060.00 2064.91 2070.00 2071.82 2075.04 2077.63 2079.99 2082.58 2084.89 2086.28 2087.90 2088.31 2089.95 2090.00 2090.00 2090.12 2089.15 2088.28 2087.76 2087.06 2085.98 2085.83
1986.31 1990.00 1991.98 1994.26 1996.56 1998.92 2001.40 2003.86 2006.32 2008.79 2011.81 2015.36 2018.96 2020.00 2020.00 2020.00 2020.57 2023.81 2027.87 2030.00 2032.40 2034.31 2035.78 2037.42 2038.78 2039.80 2041.32 2042.94 2045.09 2047.41 2048.49 2048.83 2050.00 2048.41 2046.60 2047.69 2048.78 2050.00 2050.15 2051.51 2052.74 2053.96 2054.58 2055.64 2057.63 2059.78 2064.38 2069.08 2070.47 2073.70 2076.78 2080.43 2082.40 2084.11 2085.81 2086.10 2086.39 2087.57 2089.48 2089.66 2087.17 2085.14 2084.05 2083.47 2082.85 2082.97 2083.20
1987.54 1990.57 1993.28 1995.33 1997.22 1999.26 2001.63 2004.04 2006.44 2008.83 2011.68 2014.98 2016.68 2017.37 2019.97 2020.00 2020.00 2022.95 2028.30 2030.00 2030.98 2032.65 2034.18 2035.58 2036.64 2037.95 2039.38 2041.06 2043.06 2044.87 2045.39 2045.71 2046.49 2043.46 2042.84 2044.09 2046.66 2049.21 2049.96 2050.00 2050.97 2052.19 2052.59 2054.19 2056.74 2059.82 2064.18 2066.88 2069.29 2071.26 2076.01 2080.28 2082.06 2083.60 2083.89 2084.18 2084.48 2085.19 2086.06 2085.96 2083.46 2081.44 2079.95 2080.00 2080.00 2080.00 2081.26
1988.58 1991.28 1994.03 1996.81 1998.83 2000.41 2002.23 2004.05 2006.15 2008.45 2010.34 2012.05 2013.75 2015.20 2017.81 2020.00 2020.17 2023.89 2027.24 2029.44 2030.00 2030.86 2032.26 2033.57 2034.90 2036.45 2037.75 2039.12 2040.78 2041.89 2042.28 2042.60 2042.26 2040.00 2040.31 2043.42 2045.47 2046.98 2047.47 2048.46 2050.00 2050.30 2050.74 2052.91 2055.46 2059.12 2062.50 2065.09 2068.24 2071.70 2075.85 2079.93 2081.39 2081.68 2081.97 2082.27 2082.56 2082.85 2083.02 2081.64 2079.90 2079.36 2078.83 2078.88 2079.50 2080.00 2080.70
1989.45 1992.13 1994.81 1997.52 2000.00 2000.00 2001.62 2003.86 2006.10 2008.33 2010.00 2010.00 2010.82 2013.04 2015.65 2018.88 2020.71 2022.98 2025.24 2027.39 2029.25 2030.00 2030.34 2031.86 2033.51 2034.88 2036.14 2037.55 2038.84 2039.84 2040.00 2040.00 2040.00 2040.00 2040.00 2041.69 2043.71 2044.75 2044.97 2046.25 2047.24 2047.64 2048.74 2050.42 2053.59 2057.16 2060.71 2063.77 2067.67 2071.61 2075.47 2078.91 2080.00 2080.00 2080.06 2080.35 2080.64 2080.93 2080.01 2079.37 2078.81 2078.29 2077.74 2077.74 2078.35 2079.07 2080.14
1990.33 1992.64 1994.96 1997.62 2000.00 2000.00 2000.56 2002.80 2005.03 2006.20 2008.69 2010.00 2010.00 2012.42 2016.24 2020.00 2020.00 2020.97 2023.23 2025.34 2026.82 2027.66 2029.16 2030.59 2031.98 2033.16 2034.57 2036.22 2037.07 2038.07 2038.32 2038.97 2039.75 2040.00 2040.00 2040.00 2041.95 2042.51 2042.48 2043.90 2044.45 2045.70 2047.57 2049.44 2051.25 2054.71 2058.44 2061.65 2066.79 2071.49 2074.47 2077.43 2080.00 2080.00 2080.00 2080.00 2080.00 2080.00 2078.25 2077.87 2077.78 2077.22 2076.69 2076.59 2077.21 2078.21 2079.28
1990.34 1992.67 1994.99 1997.22 1998.85 2000.00 2000.00 2001.73 2002.63 2003.17 2006.75 2010.00 2010.48 2013.60 2016.72 2019.84 2020.00 2020.00 2021.23 2023.28 2023.49 2024.04 2025.60 2028.22 2030.30 2031.78 2033.60 2034.45 2035.31 2036.29 2035.77 2036.60 2037.38 2038.16 2038.96 2039.61 2040.17 2040.27 2040.01 2041.26 2042.90 2044.80 2046.83 2048.86 2050.00 2052.36 2056.12 2059.89 2064.92 2069.82 2072.84 2075.54 2078.12 2080.00 2080.00 2080.00 2080.00 2078.36 2076.50 2075.95 2075.98 2076.00 2075.62 2075.45 2076.32 2077.36 2078.41
1989.94 1991.81 1993.64 1994.85 1996.75 1997.57 1998.43 1998.67 2000.00 2001.05 2004.69 2008.49 2010.00 2012.27 2015.41 2018.26 2020.00 2020.00 2020.00 2020.11 2020.16 2020.41 2023.12 2026.24 2029.14 2030.98 2031.84 2032.69 2033.54 2034.41 2033.21 2034.22 2035.00 2035.81 2036.64 2036.99 2037.75 2040.00 2040.00 2040.42 2042.61 2044.76 2046.79 2048.82 2050.18 2053.55 2056.94 2060.61 2064.33 2068.09 2071.09 2073.72 2075.53 2077.01 2078.95 2079.51 2078.14 2076.84 2074.76 2074.03 2074.06 2074.09 2074.11 2074.47 2075.65 2076.82 2078.00
1988.42 1989.87 1991.07 1992.33 1993.14 1993.72 1993.67 1995.60 1998.56 2000.21 2004.28 2008.10 2010.00 2010.90 2013.70 2016.39 2018.29 2018.67 2018.12 2018.76 2020.00 2020.00 2021.40 2024.53 2027.68 2030.00 2030.07 2030.92 2031.78 2032.10 2030.83 2031.85 2032.67 2033.50 2034.32 2034.37 2035.24 2037.81 2040.00 2040.00 2042.02 2044.21 2046.40 2048.59 2051.43 2054.63 2057.79 2061.17 2063.89 2066.55 2069.21 2070.63 2072.22 2073.37 2074.53 2075.08 2074.87 2073.64 2073.10 2072.12 2072.14 2072.33 2072.95 2073.29 2074.61 2076.13 2077.65
1986.73 1987.32 1988.52 1989.31 1990.00 1990.00 1990.47 1993.40 1996.58 1999.77 2003.08 2006.00 2008.59 2009.29 2010.44 2012.71 2014.71 2014.39 2015.68 2017.27 2018.67 2020.00 2020.39 2023.71 2026.67 2028.45 2030.00 2030.00 2030.01 2029.63 2030.00 2030.00 2030.36 2031.19 2031.90 2031.74 2032.72 2035.32 2038.04 2040.00 2041.43 2043.63 2046.07 2048.47 2051.38 2054.97 2058.56 2060.00 2061.51 2064.18 2066.77 2067.51 2068.08 2068.96 2070.11 2070.69 2070.44 2070.20 2070.29 2070.32 2071.04 2071.61 2072.15 2072.41 2073.18 2074.70 2076.22
1984.36 1984.78 1985.96 1986.70 1988.72 1990.00 1990.00 1991.91 1995.11 1998.21 2001.03 2004.11 2005.77 2006.63 2007.90 2009.76 2010.89 2012.60 2014.32 2015.78 2017.17 2018.57 2019.98 2022.47 2024.17 2025.43 2026.63 2027.26 2026.38 2025.45 2027.20 2028.94 2030.00 2030.00 2030.00 2030.00 2030.96 2033.95 2036.95 2039.10 2040.81 2043.09 2045.65 2048.26 2051.41 2055.37 2059.30 2060.00 2060.00 2061.80 2063.75 2063.15 2063.40 2064.38 2065.50 2066.52 2066.87 2066.80 2068.07 2069.30 2070.27 2070.78 2071.35 2071.53 2071.75 2073.27 2074.78
1981.76 1982.23 1983.21 1985.00 1987.01 1989.03 1990.00 1990.41 1993.61 1996.10 1999.17 2001.45 2002.93 2004.17 2006.26 2008.34 2010.00 2011.24 2012.88 2014.28 2015.71 2017.30 2018.97 2020.06 2021.26 2021.86 2022.83 2022.50 2021.53 2021.68 2024.25 2024.93 2025.29 2026.68 2029.54 2030.00 2030.10 2033.10 2035.57 2037.63 2040.28 2043.17 2045.90 2048.60 2051.91 2055.53 2058.65 2060.00 2060.00 2060.00 2059.71 2059.44 2059.45 2059.90 2061.05 2062.39 2063.39 2064.16 2065.51 2067.20 2068.76 2069.94 2070.48 2070.66 2070.69 2071.83 2074.22
1980.00 1980.00 1981.27 1983.29 1985.20 1986.93 1988.77 1989.87 1991.20 1993.64 1997.36 2000.00 2000.74 2002.94 2005.08 2006.42 2008.97 2010.00 2011.43 2013.22 2014.98 2015.66 2016.34 2017.34 2019.62 2020.00 2017.93 2017.19 2016.52 2018.65 2020.62 2021.10 2020.74 2022.56 2025.61 2028.67 2030.00 2032.03 2034.51 2037.38 2040.39 2043.41 2046.23 2049.08 2052.48 2054.81 2056.46 2058.20 2058.58 2057.89 2057.51 2057.25 2057.52 2057.74 2058.35 2059.05 2059.95 2061.71 2063.19 2064.96 2066.09 2067.67 2068.79 2069.34 2070.00 2070.27 2072.34
1977.51 1980.00 1980.00 1981.05 1982.78 1984.51 1986.07 1987.13 1989.20 1991.76 1995.60 1997.66 1999.88 2000.94 2002.28 2004.10 2006.72 2009.38 2010.98 2011.66 2012.34 2013.01 2013.69 2014.60 2015.26 2014.66 2012.05 2011.19 2012.40 2015.67 2017.80 2019.37 2020.00 2020.58 2024.08 2026.94 2030.00 2032.11 2035.39 2038.36 2041.35 2044.33 2047.54 2050.00 2050.81 2052.55 2054.28 2056.01 2056.19 2055.49 2055.30 2055.09 2055.57 2055.57 2056.20 2057.01 2058.21 2059.48 2060.95 2062.35 2063.70 2065.05 2066.12 2066.75 2068.07 2069.46 2071.19
