8.lava_viewer/dataset_lava/altitudes.dat
ncols		319
nrows		345
xllcorner	497690.375000
yllcorner	4172160.750000
cellsize	10.000000
NODATA_value	-9999.000000
[rows 290 to 318 of 345, columns 67 to 133 of 319]
1844.25 1847.04 1849.82 1851.10 1853.83 1856.55 1859.43 1861.62 1865.12 1866.53 1869.24 1873.48 1880.00 1880.00 1878.22 1876.33 1876.50 1877.88 1879.31 1880.98 1882.18 1880.00 1880.00 1882.86 1887.22 1891.69 1896.36 1900.50 1903.47 1905.46 1906.56 1907.28 1908.42 1909.09 1910.44 1911.47 1912.54 1914.39 1916.37 1919.00 1920.00 1919.89 1919.74 1920.34 1919.96 1919.60 1919.66 1920.00 1919.11 1917.19 1915.97 1915.52 1914.51 1913.86 1915.29 1918.31 1920.00 1920.37 1921.34 1922.04 1921.85 1921.37 1920.83 1919.24 1917.90 1915.63 1912.92
1844.01 1847.23 1849.70 1851.39 1854.12 1856.49 1859.16 1860.00 1860.00 1863.44 1867.85 1872.31 1875.43 1875.51 1874.05 1872.82 1873.42 1874.88 1876.97 1878.13 1877.97 1878.36 1879.59 1880.34 1884.98 1889.77 1893.90 1897.82 1901.15 1902.39 1903.43 1904.84 1905.78 1905.91 1905.63 1906.86 1909.12 1911.14 1913.19 1914.91 1915.97 1916.16 1916.41 1917.43 1917.17 1917.00 1917.05 1916.56 1916.12 1914.84 1913.72 1913.21 1912.70 1910.75 1912.77 1915.56 1917.81 1918.82 1919.32 1920.36 1920.01 1920.00 1919.13 1915.52 1914.20 1913.07 1911.13
1843.78 1845.93 1848.08 1850.48 1853.07 1855.59 1858.06 1859.83 1860.00 1862.33 1866.37 1870.00 1870.88 1870.61 1870.00 1870.00 1870.66 1872.97 1874.92 1875.25 1874.71 1874.40 1875.22 1877.93 1882.30 1886.51 1890.83 1894.49 1897.69 1899.76 1900.82 1902.30 1903.00 1903.21 1901.75 1902.40 1904.98 1907.10 1908.93 1910.81 1911.64 1912.42 1913.29 1914.28 1914.39 1914.41 1914.44 1913.54 1912.44 1911.85 1911.41 1910.90 1910.39 1910.00 1910.00 1912.39 1914.52 1915.45 1916.74 1917.94 1918.53 1919.29 1915.57 1912.17 1910.35 1910.00 1908.46
1842.25 1844.34 1846.72 1849.08 1851.52 1854.00 1856.04 1857.79 1859.75 1860.64 1864.68 1866.18 1866.26 1867.06 1866.90 1868.53 1870.00 1871.21 1872.62 1872.09 1871.56 1871.08 1870.84 1875.15 1878.54 1882.58 1886.34 1890.03 1892.78 1894.11 1897.08 1900.00 1900.22 1900.51 1900.00 1899.37 1900.65 1902.42 1904.32 1906.56 1908.55 1909.09 1910.35 1911.12 1911.60 1911.82 1911.83 1910.51 1910.00 1910.00 1910.00 1910.00 1910.00 1910.00 1910.00 1910.00 1911.22 1912.66 1914.15 1915.27 1915.66 1915.53 1912.37 1908.61 1907.05 1906.28 1905.06
1840.72 1843.25 1845.62 1847.79 1849.95 1852.24 1854.02 1856.09 1858.26 1859.65 1861.46 1862.29 1861.65 1863.27 1863.80 1865.17 1866.71 1868.84 1870.00 1870.00 1870.00 1870.00 1870.00 1871.57 1875.09 1877.97 1880.58 1884.19 1887.06 1888.73 1891.18 1895.84 1898.20 1896.86 1895.95 1897.77 1899.76 1900.00 1901.83 1904.73 1906.40 1907.05 1907.97 1908.47 1908.98 1909.29 1909.45 1909.30 1909.17 1909.04 1908.91 1908.87 1909.52 1908.55 1907.76 1906.97 1907.87 1910.30 1911.56 1912.59 1912.78 1911.76 1909.01 1906.07 1903.16 1901.80 1900.72
1840.24 1842.38 1844.51 1846.64 1848.76 1850.36 1852.44 1853.92 1855.43 1857.07 1858.17 1859.20 1859.78 1860.00 1860.71 1861.81 1863.97 1866.22 1868.49 1869.43 1869.59 1869.58 1869.40 1869.22 1870.91 1873.47 1876.19 1878.87 1881.61 1883.92 1886.77 1890.44 1893.11 1892.53 1894.36 1896.34 1898.33 1900.00 1900.75 1903.51 1904.26 1905.09 1905.61 1906.14 1906.58 1906.92 1907.51 1907.39 1907.25 1907.12 1906.99 1906.76 1907.13 1906.09 1904.52 1903.72 1904.60 1907.15 1908.75 1909.77 1909.85 1907.90 1905.45 1902.96 1900.00 1898.88 1897.34
1840.38 1842.51 1844.42 1846.11 1847.55 1848.85 1849.74 1851.17 1852.92 1854.22 1856.55 1857.33 1858.19 1859.14 1860.00 1860.00 1861.24 1862.99 1864.37 1865.46 1866.20 1867.06 1866.88 1866.72 1867.59 1869.17 1871.45 1874.01 1876.77 1878.91 1883.44 1886.04 1887.98 1890.84 1892.79 1894.73 1896.65 1898.49 1900.00 1901.36 1902.11 1902.73 1903.25 1903.81 1904.17 1904.56 1905.57 1905.65 1905.33 1905.21 1905.08 1904.66 1904.74 1904.05 1902.59 1900.93 1901.68 1904.05 1905.67 1905.83 1905.33 1903.40 1901.44 1899.47 1896.88 1895.91 1894.27
1840.09 1841.77 1843.45 1844.83 1846.08 1847.00 1848.42 1850.00 1850.75 1853.58 1854.88 1855.84 1857.01 1857.81 1858.79 1859.78 1860.00 1860.00 1860.25 1861.43 1862.85 1864.33 1864.35 1864.22 1864.50 1865.18 1866.97 1869.14 1871.55 1875.00 1880.00 1881.60 1886.12 1889.11 1891.08 1892.98 1894.80 1896.09 1897.91 1899.72 1899.99 1900.30 1900.89 1901.48 1901.76 1902.19 1903.63 1903.92 1903.57 1903.29 1903.16 1902.57 1902.35 1902.01 1900.55 1900.00 1900.00 1901.31 1902.82 1902.27 1900.75 1899.10 1897.74 1895.97 1893.84 1892.95 1891.20
1839.19 1840.80 1842.13 1843.32 1844.26 1845.50 1847.16 1848.82 1850.60 1852.43 1853.49 1854.67 1855.56 1856.48 1857.46 1858.45 1859.68 1860.00 1860.00 1860.00 1860.00 1860.99 1861.83 1861.86 1861.21 1861.08 1862.66 1865.59 1868.79 1872.46 1876.49 1880.26 1882.90 1885.47 1888.76 1891.10 1892.36 1893.72 1895.30 1897.12 1897.40 1897.99 1898.58 1899.17 1899.55 1900.06 1901.69 1902.19 1901.83 1901.48 1901.24 1900.22 1900.00 1900.00 1899.56 1898.52 1898.15 1898.47 1899.55 1898.73 1896.86 1895.36 1894.29 1892.85 1890.62 1889.99 1889.82
1836.45 1839.12 1840.55 1841.49 1842.59 1844.24 1845.86 1847.81 1849.92 1851.14 1852.32 1853.51 1854.16 1855.15 1856.13 1857.36 1858.40 1859.65 1860.00 1860.00 1860.00 1860.00 1860.00 1860.00 1860.00 1860.00 1861.59 1864.68 1867.47 1870.45 1873.98 1876.60 1879.23 1882.33 1885.68 1888.28 1889.41 1890.89 1892.97 1894.46 1894.81 1895.72 1896.37 1896.94 1897.81 1898.67 1899.83 1900.45 1900.10 1900.00 1900.00 1899.61 1898.85 1897.91 1896.60 1895.16 1894.65 1895.58 1896.42 1895.80 1893.52 1891.62 1890.44 1889.46 1888.05 1886.77 1887.59
1834.32 1836.94 1838.71 1840.00 1841.25 1842.97 1845.21 1847.55 1849.89 1850.00 1851.16 1852.34 1852.83 1853.81 1855.03 1856.21 1857.08 1858.34 1859.61 1860.00 1860.00 1860.00 1860.00 1860.00 1860.00 1860.00 1860.65 1863.45 1866.30 1868.40 1870.23 1872.85 1876.16 1879.56 1881.94 1884.23 1885.82 1888.38 1890.55 1891.81 1892.53 1893.45 1894.48 1895.51 1896.14 1897.30 1898.36 1898.76 1898.85 1898.49 1897.91 1896.87 1896.07 1895.26 1893.68 1892.23 1891.41 1892.21 1893.11 1892.57 1891.48 1888.41 1886.67 1885.53 1884.76 1883.87 1885.53
1832.69 1835.03 1836.85 1838.52 1840.00 1842.07 1844.41 1846.90 1848.33 1849.72 1850.00 1850.89 1851.49 1852.69 1853.89 1854.80 1855.77 1857.04 1858.05 1858.32 1859.16 1858.79 1858.86 1859.48 1860.00 1860.00 1860.00 1862.20 1864.23 1865.72 1867.07 1870.42 1873.70 1876.17 1878.32 1880.71 1883.47 1885.92 1888.03 1889.11 1890.42 1891.62 1892.76 1893.94 1894.76 1895.77 1896.14 1896.39 1896.12 1895.60 1895.41 1894.13 1893.28 1892.38 1891.37 1889.11 1889.57 1889.26 1889.68 1890.00 1890.00 1886.58 1883.39 1881.47 1881.03 1882.40 1883.47
1830.96 1833.49 1835.68 1837.87 1839.74 1841.42 1843.91 1845.33 1846.79 1848.61 1849.12 1849.76 1850.36 1851.56 1852.59 1853.32 1854.46 1855.46 1855.73 1855.74 1856.97 1857.57 1856.80 1857.42 1858.04 1858.67 1859.29 1860.11 1861.45 1862.38 1864.60 1867.78 1870.67 1872.80 1875.52 1878.43 1881.09 1883.47 1885.58 1886.48 1888.10 1889.91 1891.39 1892.24 1893.19 1893.61 1893.78 1894.03 1893.42 1892.79 1892.72 1891.59 1890.41 1890.00 1889.53 1885.23 1883.28 1884.62 1885.10 1887.48 1887.15 1884.95 1881.51 1880.00 1880.00 1880.34 1881.41
1829.28 1831.95 1834.14 1836.29 1838.65 1840.92 1842.64 1844.57 1846.26 1847.35 1847.86 1848.57 1849.38 1850.37 1851.19 1851.89 1852.87 1853.14 1853.35 1853.16 1854.79 1855.50 1855.58 1855.35 1855.98 1856.60 1857.27 1858.90 1859.77 1860.00 1862.30 1865.35 1867.61 1870.30 1873.28 1876.12 1878.81 1881.30 1882.81 1884.05 1885.73 1887.85 1889.68 1890.60 1891.03 1891.45 1891.43 1891.38 1890.78 1890.04 1889.78 1889.77 1888.88 1887.48 1886.39 1881.38 1880.00 1880.14 1880.57 1881.73 1882.95 1882.01 1880.00 1880.00 1880.00 1880.00 1880.00
1827.22 1830.29 1832.52 1834.96 1837.63 1840.45 1842.22 1843.91 1845.42 1845.96 1846.67 1847.51 1848.51 1849.19 1849.86 1850.28 1850.54 1850.81 1850.77 1851.45 1852.61 1853.32 1854.03 1853.58 1853.91 1854.54 1855.72 1857.11 1857.91 1858.70 1860.00 1862.67 1865.20 1868.17 1871.12 1873.99 1876.45 1878.66 1880.22 1881.64 1883.50 1885.25 1887.06 1889.65 1890.00 1888.66 1888.54 1888.73 1888.30 1886.01 1885.64 1885.79 1885.45 1884.09 1882.54 1879.04 1877.66 1876.44 1876.79 1877.83 1878.75 1878.07 1877.22 1877.50 1878.48 1880.00 1880.00
1825.26 1828.38 1831.16 1834.45 1837.86 1840.00 1841.56 1843.26 1844.12 1844.77 1845.63 1846.72 1847.45 1848.08 1848.78 1849.49 1850.00 1850.00 1850.00 1850.00 1850.43 1851.14 1851.85 1852.35 1851.85 1852.53 1854.10 1855.25 1856.05 1857.63 1859.37 1860.54 1863.87 1866.94 1869.50 1871.47 1873.64 1876.16 1877.48 1879.09 1880.81 1882.61 1884.90 1887.14 1888.09 1886.30 1884.80 1884.97 1884.40 1882.37 1881.61 1881.93 1881.81 1880.65 1879.08 1876.79 1874.15 1872.77 1873.46 1874.70 1874.57 1873.88 1873.21 1873.52 1876.60 1879.16 1880.00
1823.75 1826.46 1829.09 1832.46 1836.22 1840.00 1840.91 1842.18 1842.87 1843.82 1844.93 1845.72 1846.34 1846.98 1847.69 1848.28 1849.10 1848.78 1849.38 1850.00 1850.00 1850.00 1850.00 1850.38 1850.36 1850.93 1852.47 1853.39 1855.02 1856.76 1858.49 1860.10 1862.94 1865.49 1867.69 1869.45 1871.49 1873.28 1874.89 1876.52 1878.27 1880.16 1882.42 1884.15 1884.85 1884.09 1882.13 1881.00 1880.19 1879.46 1878.94 1878.19 1877.93 1877.03 1876.54 1874.76 1872.58 1870.00 1870.26 1870.94 1870.42 1870.00 1870.00 1870.63 1872.85 1874.95 1877.36
1822.34 1825.23 1827.65 1830.07 1833.92 1837.02 1840.03 1840.97 1842.03 1843.15 1843.98 1844.61 1845.23 1845.90 1846.58 1847.17 1847.62 1847.29 1847.86 1848.50 1849.31 1850.00 1850.00 1850.00 1850.00 1850.00 1850.74 1852.40 1854.26 1856.16 1858.07 1859.97 1861.49 1864.05 1865.68 1867.44 1869.08 1870.66 1872.29 1874.13 1876.04 1878.12 1879.58 1881.07 1881.40 1880.95 1880.09 1878.88 1877.65 1876.95 1876.44 1875.55 1874.54 1873.36 1873.07 1872.45 1870.28 1869.66 1868.73 1868.47 1868.22 1868.16 1868.41 1868.67 1870.00 1871.74 1874.60
1821.36 1823.74 1826.15 1828.65 1831.79 1834.82 1837.90 1840.25 1841.36 1842.25 1842.87 1843.50 1844.13 1844.82 1845.27 1845.95 1846.14 1845.81 1846.34 1846.98 1848.28 1848.86 1849.09 1849.92 1850.00 1850.00 1850.78 1852.67 1854.39 1856.10 1857.81 1859.52 1860.05 1862.06 1863.67 1865.25 1866.77 1868.37 1869.97 1871.81 1874.31 1876.31 1877.48 1878.30 1878.29 1878.57 1877.55 1876.53 1875.31 1874.48 1873.93 1873.05 1871.23 1870.00 1870.00 1870.00 1868.73 1867.80 1866.77 1866.54 1866.25 1866.16 1866.42 1867.34 1869.44 1870.00 1871.89
1820.00 1822.40 1825.12 1827.81 1830.51 1833.71 1836.70 1839.19 1840.52 1841.14 1841.77 1842.39 1843.03 1843.61 1843.97 1844.47 1844.67 1844.32 1844.82 1845.68 1846.97 1847.37 1847.38 1848.13 1849.07 1850.00 1850.34 1852.06 1853.77 1855.48 1857.17 1858.51 1860.00 1860.00 1861.74 1863.55 1865.35 1867.16 1868.86 1870.50 1873.05 1874.37 1875.85 1875.95 1875.42 1875.39 1874.73 1873.21 1873.00 1872.02 1871.37 1870.47 1869.74 1869.19 1868.95 1868.39 1866.49 1865.94 1864.81 1864.64 1864.28 1864.17 1864.42 1866.13 1867.42 1868.70 1869.57
1819.64 1821.96 1824.57 1827.18 1829.77 1832.62 1835.45 1837.94 1840.00 1840.03 1840.66 1841.28 1841.94 1842.30 1842.80 1842.99 1843.19 1842.84 1843.29 1844.72 1845.37 1845.81 1845.68 1846.34 1847.28 1848.23 1850.00 1851.44 1853.15 1854.72 1856.10 1857.56 1859.57 1860.00 1861.54 1863.34 1865.15 1866.77 1868.18 1869.59 1871.27 1872.83 1873.58 1873.60 1872.59 1872.22 1871.70 1870.00 1870.00 1869.08 1868.19 1868.36 1866.67 1866.12 1866.43 1866.15 1864.67 1863.30 1862.88 1862.73 1862.31 1862.21 1862.82 1863.95 1864.03 1865.14 1866.82
1818.78 1821.38 1823.61 1826.37 1829.35 1832.15 1834.68 1836.81 1838.40 1839.80 1840.00 1840.17 1840.64 1840.99 1841.32 1841.52 1841.71 1841.39 1842.07 1843.33 1843.77 1844.21 1843.98 1844.55 1845.49 1847.34 1849.45 1850.71 1852.28 1853.71 1854.63 1856.61 1858.62 1860.00 1861.33 1863.14 1864.68 1866.09 1867.41 1868.62 1869.84 1871.03 1871.28 1871.26 1870.36 1870.00 1869.33 1866.93 1866.16 1864.09 1863.45 1864.38 1864.08 1863.04 1863.66 1863.62 1862.79 1860.95 1861.02 1860.79 1860.36 1860.26 1860.48 1860.56 1860.64 1861.94 1864.36
1817.02 1819.79 1822.57 1825.32 1828.81 1831.77 1833.55 1835.48 1837.01 1837.79 1839.13 1840.00 1840.00 1840.00 1840.00 1840.04 1840.23 1840.00 1841.16 1841.73 1842.17 1842.61 1842.57 1842.76 1844.08 1846.21 1848.30 1850.00 1851.32 1852.24 1853.64 1855.65 1857.50 1860.00 1861.13 1862.58 1863.91 1865.12 1866.30 1867.54 1868.41 1869.15 1869.45 1868.61 1867.64 1866.94 1866.12 1863.56 1861.51 1859.63 1859.13 1860.34 1860.24 1860.20 1860.88 1861.09 1860.45 1859.57 1858.83 1858.90 1858.75 1858.69 1858.64 1858.41 1858.18 1859.51 1861.94
1814.16 1817.43 1820.66 1823.99 1828.07 1830.63 1832.56 1834.32 1835.18 1835.78 1837.10 1837.78 1838.47 1839.19 1840.00 1840.00 1840.00 1840.00 1840.00 1840.13 1840.57 1841.01 1841.20 1840.97 1842.97 1845.07 1846.87 1848.63 1850.00 1850.77 1852.10 1853.92 1855.86 1858.05 1860.39 1861.65 1862.83 1864.00 1865.24 1865.99 1866.89 1867.34 1867.58 1866.45 1864.93 1862.88 1861.79 1860.08 1858.24 1856.77 1855.90 1856.92 1858.03 1858.11 1857.83 1857.61 1856.53 1857.25 1856.78 1857.31 1857.22 1857.30 1857.27 1857.04 1857.39 1858.63 1859.90
1811.77 1814.88 1818.70 1822.86 1827.14 1830.00 1831.57 1832.50 1833.03 1833.77 1834.85 1835.54 1836.52 1837.58 1838.83 1838.78 1838.80 1838.80 1838.80 1839.73 1840.00 1840.00 1840.00 1840.00 1841.75 1843.56 1845.43 1847.38 1848.34 1848.66 1849.68 1851.63 1853.54 1856.32 1859.63 1860.53 1861.71 1862.93 1863.77 1864.56 1865.06 1865.53 1865.57 1864.49 1863.29 1860.99 1857.60 1855.82 1854.28 1853.27 1852.68 1853.57 1854.24 1854.39 1853.59 1853.42 1854.37 1854.92 1854.99 1855.72 1855.71 1855.94 1855.89 1855.66 1856.67 1857.92 1858.92
1809.34 1812.72 1816.63 1820.80 1825.15 1827.93 1830.00 1830.68 1830.88 1831.71 1832.61 1833.85 1834.78 1836.06 1836.71 1836.55 1836.61 1836.61 1837.08 1838.01 1838.97 1839.07 1839.54 1840.00 1840.24 1842.14 1843.91 1845.34 1845.65 1846.09 1847.46 1849.22 1851.70 1854.61 1857.53 1860.00 1860.60 1861.50 1862.19 1862.92 1863.18 1863.61 1863.57 1862.84 1861.37 1859.02 1855.10 1851.92 1849.71 1849.46 1849.38 1850.13 1850.45 1850.40 1850.00 1850.00 1852.22 1852.73 1853.40 1854.13 1854.20 1854.58 1854.52 1854.71 1855.96 1856.92 1857.64
1806.76 1810.02 1814.17 1818.36 1821.98 1824.38 1826.37 1827.29 1827.30 1829.43 1831.18 1832.16 1833.02 1834.16 1834.59 1834.31 1834.43 1834.43 1835.38 1836.64 1837.33 1837.57 1837.56 1838.43 1839.29 1840.41 1841.83 1842.81 1842.96 1843.52 1845.16 1847.15 1849.23 1851.99 1854.45 1856.61 1858.26 1859.93 1860.62 1861.15 1861.31 1861.66 1861.56 1861.19 1860.00 1856.55 1852.54 1849.13 1847.14 1846.52 1845.62 1846.58 1847.76 1847.39 1848.53 1849.57 1850.07 1851.08 1851.81 1852.54 1852.72 1853.21 1853.14 1854.00 1854.93 1855.19 1856.45
1804.53 1808.00 1811.77 1815.63 1818.37 1820.54 1821.44 1822.48 1823.85 1826.60 1829.56 1830.33 1831.29 1832.04 1832.47 1832.08 1832.24 1832.76 1834.30 1834.99 1835.68 1836.07 1835.59 1836.45 1837.32 1838.52 1839.80 1840.13 1840.28 1841.09 1843.08 1845.04 1847.21 1849.07 1851.18 1853.23 1855.43 1856.94 1858.06 1858.59 1858.90 1859.38 1859.84 1858.51 1856.41 1853.34 1849.95 1846.82 1844.61 1843.58 1842.02 1842.74 1844.23 1844.79 1845.94 1846.98 1848.94 1850.00 1850.22 1850.95 1851.36 1851.85 1852.04 1852.94 1853.20 1853.85 1855.32
1802.80 1806.03 1809.13 1812.32 1815.93 1817.69 1818.26 1818.97 1820.40 1821.53 1825.32 1825.96 1828.07 1830.00 1830.35 1830.00 1830.19 1831.89 1832.65 1833.35 1834.04 1834.57 1834.13 1834.48 1835.41 1836.68 1837.09 1837.80 1836.91 1838.14 1840.94 1842.89 1845.04 1846.16 1848.19 1850.60 1852.71 1853.81 1854.89 1854.96 1855.23 1855.25 1854.09 1854.20 1852.34 1849.65 1847.30 1844.70 1842.24 1840.64 1840.00 1840.00 1840.51 1842.32 1843.64 1846.00 1848.40 1850.00 1850.00 1850.00 1850.00 1850.49 1850.95 1851.21 1851.47 1852.67 1853.76
